1 156.0
2 98.0
3 0.0
4 25.0
5 347.0
6 32.0
7 0.0
8 32.0
9 32.0
10 25.0
11 49.0
12 333.0
13 0.0
14 104.0
15 60.0
16 32.0
17 25.0
18 20.0
19 245.0
20 0.0
21 14.0
22 32.0
23 347.0
24 38.0
25 0.0
26 0.0
27 260.0
28 0.0
29 25.0
30 0.0
31 120.0
32 32.0
33 32.0
34 0.0
35 32.0
36 32.0
37 0.0
38 0.0
39 412.0
40 347.0
41 98.0
42 158.0
43 0.0
44 180.0
45 14.0
46 1.0
47 32.0
48 32.0
49 0.0
50 38.0
51 347.0
52 136.0
53 38.0
54 0.0
55 38.0
56 0.0
57 32.0
58 38.0
59 32.0
60 32.0
61 142.0
62 411.0
63 0.0
64 0.0
65 32.0
66 38.0
67 82.0
68 14.0
69 38.0
70 0.0
71 0.0
72 82.0
73 60.0
74 0.0
75 411.0
76 25.0
77 32.0
78 32.0
79 44.0
80 0.0
81 347.0
82 347.0
83 147.0
84 147.0
85 55.0
86 98.0
87 0.0
88 25.0
89 147.0
90 411.0
91 147.0
92 0.0
93 60.0
94 0.0
95 0.0
96 25.0
97 0.0
98 294.0
99 411.0
100 180.0
101 412.0
102 411.0
103 411.0
104 411.0
105 411.0
106 347.0
107 347.0
108 347.0
109 347.0
110 347.0
111 347.0
112 333.0
113 294.0
114 260.0
115 245.0
116 180.0
117 180.0
118 158.0
119 202.0
120 147.0
121 147.0
122 147.0
123 147.0
124 142.0
125 136.0
126 120.0
127 104.0
128 98.0
129 98.0
130 98.0
131 82.0
132 82.0
133 60.0
134 60.0
135 60.0
136 55.0
137 49.0
138 44.0
139 38.0
140 38.0
141 38.0
142 38.0
143 38.0
144 38.0
145 38.0
146 32.0
147 32.0
148 32.0
149 32.0
150 32.0
151 32.0
152 347.0
153 292.0
154 260.0
155 411.0
156 412.0
157 347.0
158 333.0
159 32.0
160 43.0
161 347.0
162 32.0
163 44.0
164 0.0
165 32.0
166 87.0
167 33.0
168 32.0
169 202.0
170 20.0
171 32.0
172 136.0
173 30.0
174 147.0
175 60.0
176 109.0
177 115.0
178 411.0
179 38.0
180 0.0
181 32.0
182 32.0
183 55.0
184 196.0
185 120.0
186 32.0
187 60.0
188 412.0
189 0.0
190 87.0
191 142.0
192 0.0
193 347.0
194 153.0
195 0.0
196 0.0
197 0.0
198 33.0
199 32.0
200 0.0
201 412.0
202 412.0
203 412.0
204 411.0
205 411.0
206 411.0
207 411.0
208 411.0
209 411.0
210 347.0
211 347.0
212 347.0
213 347.0
214 347.0
215 347.0
216 347.0
217 347.0
218 347.0
219 347.0
220 333.0
221 333.0
222 294.0
223 292.0
224 260.0
225 260.0
226 245.0
227 202.0
228 202.0
229 196.0
230 180.0
231 180.0
232 158.0
233 153.0
234 147.0
235 147.0
236 147.0
237 147.0
238 147.0
239 142.0
240 142.0
241 136.0
242 136.0
243 120.0
244 120.0
245 115.0
246 109.0
247 104.0
248 98.0
249 98.0
250 98.0
251 0.0
252 6.0
253 347.0
254 1.0
255 347.0
256 0.0
257 169.0
258 33.0
259 347.0
260 77.0
261 49.0
262 60.0
263 32.0
264 348.0
265 33.0
266 0.0
267 292.0
268 347.0
269 347.0
270 0.0
271 87.0
272 0.0
273 0.0
274 17.0
275 14.0
276 92.0
277 38.0
278 147.0
279 186.0
280 32.0
281 0.0
282 0.0
283 169.0
284 0.0
285 32.0
286 136.0
287 147.0
288 322.0
289 14.0
290 163.0
291 169.0
292 136.0
293 65.0
294 115.0
295 165.0
296 131.0
297 82.0
298 93.0
299 236.0
300 93.0
301 32.0
302 412.0
303 412.0
304 411.0
305 411.0
306 411.0
307 411.0
308 411.0
309 411.0
310 348.0
311 347.0
312 347.0
313 347.0
314 347.0
315 347.0
316 347.0
317 347.0
318 347.0
319 347.0
320 347.0
321 347.0
322 347.0
323 347.0
324 347.0
325 347.0
326 333.0
327 333.0
328 322.0
329 294.0
330 292.0
331 292.0
332 260.0
333 260.0
334 245.0
335 236.0
336 202.0
337 202.0
338 196.0
339 186.0
340 180.0
341 180.0
342 169.0
343 169.0
344 169.0
345 165.0
346 163.0
347 158.0
348 153.0
349 147.0
350 147.0
351 136.0
352 38.0
353 0.0
354 347.0
355 82.0
356 347.0
357 347.0
358 12.0
359 411.0
360 150.0
361 0.0
362 93.0
363 347.0
364 301.0
365 347.0
366 347.0
367 0.0
368 0.0
369 38.0
370 60.0
371 347.0
372 54.0
373 186.0
374 32.0
375 411.0
376 104.0
377 153.0
378 311.0
379 38.0
380 17.0
381 60.0
382 32.0
383 0.0
384 32.0
385 0.0
386 49.0
387 136.0
388 38.0
389 158.0
390 0.0
391 32.0
392 14.0
393 60.0
394 347.0
395 136.0
396 6.0
397 0.0
398 87.0
399 82.0
400 185.0
401 412.0
402 412.0
403 411.0
404 411.0
405 411.0
406 411.0
407 411.0
408 411.0
409 411.0
410 411.0
411 348.0
412 347.0
413 347.0
414 347.0
415 347.0
416 347.0
417 347.0
418 347.0
419 347.0
420 347.0
421 347.0
422 347.0
423 347.0
424 347.0
425 347.0
426 347.0
427 347.0
428 347.0
429 347.0
430 347.0
431 347.0
432 347.0
433 347.0
434 347.0
435 333.0
436 333.0
437 322.0
438 311.0
439 301.0
440 294.0
441 292.0
442 292.0
443 260.0
444 260.0
445 245.0
446 236.0
447 202.0
448 202.0
449 196.0
450 186.0
