1 32.0
2 32.0
3 0.0
4 30.0
5 0.0
6 33.0
7 114.0
8 0.0
9 92.0
10 180.0
11 203.0
12 32.0
13 204.0
14 180.0
15 32.0
16 98.0
17 169.0
18 32.0
19 33.0
20 0.0
21 203.0
22 203.0
23 33.0
24 0.0
25 203.0
26 0.0
27 38.0
28 0.0
29 203.0
30 0.0
31 25.0
32 0.0
33 32.0
34 98.0
35 203.0
36 174.0
37 32.0
38 203.0
39 32.0
40 92.0
41 0.0
42 32.0
43 203.0
44 32.0
45 0.0
46 32.0
47 0.0
48 30.0
49 0.0
50 38.0
51 38.0
52 0.0
53 6.0
54 180.0
55 0.0
56 32.0
57 1.0
58 25.0
59 0.0
60 38.0
61 180.0
62 0.0
63 169.0
64 38.0
65 180.0
66 32.0
67 180.0
68 30.0
69 1.0
70 0.0
71 158.0
72 203.0
73 20.0
74 0.0
75 203.0
76 30.0
77 32.0
78 32.0
79 0.0
80 0.0
81 32.0
82 32.0
83 32.0
84 98.0
85 0.0
86 98.0
87 120.0
88 6.0
89 32.0
90 203.0
91 0.0
92 32.0
93 203.0
94 0.0
95 20.0
96 0.0
97 0.0
98 164.0
99 0.0
100 32.0
101 204.0
102 203.0
103 203.0
104 203.0
105 203.0
106 203.0
107 203.0
108 203.0
109 203.0
110 203.0
111 203.0
112 203.0
113 203.0
114 203.0
115 180.0
116 180.0
117 180.0
118 180.0
119 180.0
120 180.0
121 174.0
122 169.0
123 169.0
124 164.0
125 158.0
126 120.0
127 114.0
128 98.0
129 98.0
130 98.0
131 98.0
132 92.0
133 92.0
134 38.0
135 38.0
136 38.0
137 38.0
138 38.0
139 33.0
140 33.0
141 33.0
142 32.0
143 32.0
144 32.0
145 32.0
146 32.0
147 32.0
148 32.0
149 32.0
150 32.0
151 32.0
152 169.0
153 0.0
154 0.0
155 203.0
156 38.0
157 32.0
158 203.0
159 180.0
160 30.0
161 30.0
162 203.0
163 25.0
164 32.0
165 98.0
166 33.0
167 32.0
168 203.0
169 0.0
170 32.0
171 204.0
172 32.0
173 169.0
174 0.0
175 25.0
176 109.0
177 1.0
178 98.0
179 33.0
180 32.0
181 38.0
182 38.0
183 25.0
184 33.0
185 38.0
186 30.0
187 109.0
188 180.0
189 0.0
190 175.0
191 32.0
192 32.0
193 203.0
194 32.0
195 32.0
196 30.0
197 203.0
198 25.0
199 109.0
200 0.0
201 30.0
202 204.0
203 204.0
204 203.0
205 203.0
206 203.0
207 203.0
208 203.0
209 203.0
210 203.0
211 203.0
212 203.0
213 203.0
214 203.0
215 203.0
216 203.0
217 204.0
218 203.0
219 203.0
220 203.0
221 203.0
222 203.0
223 180.0
224 180.0
225 180.0
226 180.0
227 180.0
228 180.0
229 180.0
230 180.0
231 175.0
232 174.0
233 169.0
234 169.0
235 169.0
236 169.0
237 164.0
238 158.0
239 120.0
240 114.0
241 109.0
242 109.0
243 109.0
244 98.0
245 98.0
246 98.0
247 98.0
248 98.0
249 98.0
250 92.0
251 92.0
252 38.0
253 103.0
254 32.0
255 38.0
256 38.0
257 32.0
258 204.0
259 33.0
260 203.0
261 0.0
262 204.0
263 203.0
264 0.0
265 169.0
266 204.0
267 1.0
268 38.0
269 203.0
270 32.0
271 32.0
272 0.0
273 203.0
274 32.0
275 33.0
276 30.0
277 191.0
278 38.0
279 180.0
280 0.0
281 180.0
282 30.0
283 204.0
284 164.0
285 98.0
286 0.0
287 175.0
288 158.0
289 203.0
290 204.0
291 185.0
292 191.0
